13364		0.301029995664
14039		0.827832488076
21869		1.9946737766
22035		0.903089986992
23328		1.8610957739
25285		2.05716208452
26853		-0.0
28473		-0.0
28717		-0.0
31180		0.163629201979
31206		1.39181719446
34598		1.77679682071
34615		0.820451400255
34624		0.954242509439
34627		0.759176003469
34630		-0.0
34631		0.276434590944
34634		-0.0
34793		0.602059991328
34933		0.602059991328
35333		-0.0
35336		0.276434590944
35338		0.554608932088
35346		0.827832488076
35347		0.778151250384
35352		0.301029995664
35359		1.0
35360		1.02131873826
35369		0.903089986992
35374		1.27736069154
35465		0.301029995664
36499		0.57855800607
36505		1.1462510529
36526		1.00383844737
36539		0.778151250384
36591		1.52467751653
36632		0.736451625319
36666		1.46091539874
36675		1.00383844737
38292		0.301029995664
39318		0.53310924977
39323		0.57855800607
39410		0.795202091199
39420		1.17575229598
39445		0.903089986992
39451		1.14612803568
39453		1.10312375058
40191		1.1359539263
40237		-0.0
40248		0.301029995664
40254		0.301029995664
40544		1.06024426426
40545		1.24936258133
41115		1.08803361862
41347		0.47712125472
42191		0.698970004336
42195		0.57855800607
42219		0.939794000867
42221		1.22182472781
42224		0.47712125472
42226		0.767729052736
42238		0.887346954847
42242		1.2499943283
42248		0.820451400255
42273		1.14493347438
42284		0.301029995664
42288		0.47712125472
42403		1.42087661919
43035		0.244219050288
43790		-0.0
44200		-0.0
45003		0.451544993496
45004		1.24532996156
45006		0.954242509439
45009		0.942440022331
45016		0.97883791416
45017		0.698970004336
45024		-0.0
45027		0.698970004336
45030		0.47712125472
45033		1.36114946115
45036		0.820451400255
45037		0.778151250384
45082		1.1967200687
45316		0.539590623024
45365		0.827832488076
45369		1.31505631758
45372		0.451544993496
45383		1.11394335231
45487		0.47712125472
46079		0.301029995664
46136		1.27212548146
46137		1.0003923426
46151		1.1359539263
46156		0.928694124206
46159		0.827832488076
46163		0.677807918496
46427		0.301029995664
47140		1.00383844737
47856		1.19935880789
47858		0.301029995664
48661		1.84105339901
49817		0.301029995664
49993		0.903089986992
50002		0.911268706598
50923		0.47712125472
50924		-0.0
50929		0.485776008473
50932		-0.0
50933		0.451544993496
51008		1.61040478896
51785		0.53310924977
52466		1.5659102436
52502		0.778151250384
53778		1.04139268516
54257		-0.0
54904		1.24052999798
55076		-0.0
55130		0.903089986992
55134		1.12855988945
55187		0.698970004336
60139		0.376777922832
60180		1.12886248374
60227		0.845098040014
60246		1.04139268516
60367		0.778151250384
60472		-0.0
60479		0.677807918496
60509		0.677807918496
62013		0.698970004336
66254		0.439247291136
69727		-0.0
69890		0.47712125472
71886		0.593555068264
73057		0.759089469825
73071		0.47712125472
73892		-0.0
76808		0.19567624677
81451		1.14004393007
81642		-0.0
81667		-0.0
81712		0.602059991328
82806		1.26488024794
83888		0.301029995664
83901		0.47712125472
85588		0.301029995664
89050		0.47712125472
92026		0.439247291136
92964		0.698970004336
93066		1.86534412792
93194		0.698970004336
98204		0.602059991328
98247		0.301029995664
99836		1.07918124605
99855		0.301029995664
99858		0.57855800607
100360		-0.0
103232		0.539590623024
103368		-0.0
103393		0.301029995664
105837		0.47712125472
106480		0.879980344336
106849		0.790448952744
107966		0.577464586608
108178		0.593555068264
108184		0.43613696454
108311		0.778151250384
108389		0.896495891273
108998		0.673080899635
109020		-0.0
109418		0.879588001734
110084		0.301029995664
110100		-0.0
110186		0.759089469825
110343		1.15722941285
110713		0.954242509439
110793		-0.0
112667		1.07918124605
113001		1.68190937198
113412		1.33676474199
113504		1.08066700811
114763		-0.0
114855		0.698970004336
114872		0.845098040014
114944		1.0
115452		0.698970004336
115531		0.911955935679
115585		0.47712125472
116446		0.276434590944
118722		0.75257498916
119167		0.47712125472
120071		0.602059991328
121880		-0.0
121891		0.276434590944
124310		0.936377286304
124348		0.0454847203796
124582		0.856535980114
127177		0.677807918496
127195		0.47712125472
127674		0.778151250384
127703		0.698970004336
129107		0.451544993496
130643		-0.0
131007		0.759089469825
134308		0.673080899635
135029		0.567584620549
136150		0.602059991328
136156		-0.0
140895		0.903089986992
141020		0.640617502277
141070		0.301029995664
141109		0.887346954847
141110		0.602059991328
141131		0.827832488076
141138		1.1664912332
141281		0.759089469825
141453		1.09581659355
142944		0.602059991328
143350		0.301029995664
143586		0.301029995664
145550		1.06763104528
145688		0.47712125472
145914		0.778151250384
146106		-0.0
147069		0.451544993496
150671		0.640617502277
152372		0.47712125472
152388		0.301029995664
152523		0.640617502277
157159		-0.0
159054		0.301029995664
159258		0.736451625319
159976		0.759089469825
160208		0.376777922832
162640		-0.0
163518		0.47712125472
163606		0.778151250384
165050		0.677317490244
168999		-0.0
169279		-0.0
174076		0.47712125472
174154		0.301029995664
175567		0.301029995664
177791		0.845098040014
180947		0.903089986992
181011		-0.0
181075		0.301029995664
181231		-0.0
181269		-0.0
181435		0.301029995664
181593		0.412697251504
182025		-0.0
182073		0.809385934536
182353		0.640617502277
182569		0.75257498916
183369		0.688691523294
183479		0.640617502277
183721		0.698970004336
184843		0.301029995664
184883		0.301029995664
184897		0.301029995664
185595		-0.0
186095		-0.0
186527		0.301029995664
186689		0.451544993496
186923		0.692337800661
186927		0.903089986992
187197		0.301029995664
187307		0.602059991328
187316		0.602059991328
187373		0.698970004336
188162		-0.0
188801		-0.0
188809		0.301029995664
189253		-0.0
189394		0.301029995664
189684		-0.0
189748		1.58173892096
190583		0.47712125472
190619		0.698970004336
190799		-0.0
190919		-0.0
191352		-0.0
191904		0.47712125472
192260		0.47712125472
193173		0.301029995664
193232		0.276434590944
196614		0.217322011274
197863		0.301029995664
198086		-0.0
198588		0.276434590944
199379		0.759089469825
200559		-0.0
204342		-0.0
204776		0.57855800607
205689		0.276434590944
207915		-0.0
208134		0.451544993496
208139		0.276434590944
208148		0.40843137199
208614		0.698970004336
208758		0.887346954847
209160		0.602059991328
209833		-0.0
211649		0.47712125472
212275		0.301029995664
212341		0.686537530563
213457		-0.0
213533		0.677807918496
214535		0.778151250384
216585		0.577464586608
216927		0.501063759255
217227		0.47712125472
217349		0.698970004336
217365		0.778151250384
217395		0.301029995664
219014		-0.0
222017		0.57855800607
222140		-0.0
222155		0.602059991328
222158		0.47712125472
222381		0.060393337418
222439		0.301029995664
222709		-0.0
222731		0.903089986992
223247		0.698970004336
223446		0.602059991328
223618		0.757085593295
223848		-0.0
224499		0.301029995664
224653		0.57855800607
224852		-0.0
224853		0.301029995664
225326		-0.0
227564		0.301029995664
227787		0.473946871265
228064		-0.0
228132		0.736451625319
228388		0.301029995664
228872		-0.0
229473		0.698970004336
229701		0.244219050288
230254		0.301029995664
231390		0.301029995664
231486		0.698970004336
233838		0.698970004336
234379		0.301029995664
234450		0.698970004336
234476		0.887346954847
234655		0.301029995664
234810		1.1664912332
234988		-0.0
234999		0.759089469825
235302		0.845098040014
235544		0.47712125472
236017		-0.0
237021		-0.0
237128		-0.0
237624		0.677807918496
237901		0.412697251504
240646		0.301029995664
240703		0.47712125472
241529		0.827832488076
242094		0.47712125472
245203		0.845098040014
245289		-0.0
245426		0.820451400255
245431		0.244219050288
245519		0.677807918496
245537		0.0811423039216
245669		-0.0
245685		0.520653641232
246472		0.759089469825
246556		0.602059991328
247002		-0.0
250226		0.47712125472
250306		0.702277261079
250720		1.1359539263
250838		0.301029995664
251694		0.412697251504
251760		-0.0
252804		0.412697251504
253926		0.301029995664
254537		-0.0
254593		-0.0
256368		-0.0
257070		0.63616167296
257212		-0.0
257596		0.939794000867
258688		0.451544993496
260017		-0.0
260849		0.47712125472
260860		0.301029995664
260993		-0.0
261043		-0.0
263294		-0.0
263414		0.698970004336
263418		0.47712125472
263421		0.47712125472
263506		0.827832488076
263647		0.759214268592
263721		0.668946320339
263770		0.57855800607
268887		-0.0
271102		-0.0
271836		-0.0
272291		-0.0
274301		0.276434590944
276927		-0.0
277254		0.301029995664
277304		0.301029995664
277457		-0.0
280043		-0.0
282216		0.15448413213
282300		-0.0
282961		0.301029995664
283025		0.301029995664
283695		-0.0
283745		-0.0
283873		0.698970004336
284688		-0.0
284734		0.244219050288
285602		0.47712125472
286915		-0.0
288465		0.778151250384
288643		0.301029995664
289727		0.47712125472
290683		0.778151250384
290845		0.301029995664
292347		0.47712125472
292388		0.276434590944
294565		0.301029995664
294569		-0.0
294682		0.244219050288
294716		-0.0
295109		0.301029995664
295151		0.470415973696
295153		0.683902032087
295193		0.47712125472
295218		0.602059991328
295396		0.640617502277
295402		0.376777922832
295495		-0.0
300771		1.09581659355
300775		0.301029995664
300792		0.778151250384
300981		-0.0
300986		0.468600361898
301153		-0.0
301330		0.47712125472
301371		0.301029995664
303565		0.244219050288
304759		0.451544993496
307327		0.602059991328
307336		-0.0
307707		-0.0
307831		0.301029995664
308032		0.87187062643
308221		0.301029995664
308363		0.301029995664
308530		-0.0
308997		-0.0
309478		-0.0
309931		0.639933954912
310987		0.451544993496
311022		-0.0
311031		-0.0
311059		0.939794000867
311338		0.698970004336
312220		0.301029995664
314284		0.451544993496
317446		0.939794000867
317734		0.301029995664
317885		0.57855800607
318015		0.301029995664
318123		0.301029995664
318147		0.517653416363
319961		-0.0
321970		0.141181741505
322441		-0.0
322486		-0.0
322541		0.301029995664
322635		0.301029995664
322693		0.378609887261
323052		0.47712125472
323129		0.81235897746
323388		0.163629201979
324087		1.12886248374
325170		-0.0
327175		0.57855800607
327642		0.301029995664
327646		-0.0
327700		-0.0
329195		0.527619872831
329332		0.698970004336
329763		-0.0
332950		0.47712125472
333027		0.301029995664
334775		0.276434590944
334790		-0.0
334914		0.501063759255
335040		0.778151250384
335058		0.47712125472
335075		0.698970004336
336726		-0.0
337658		0.217322011274
337830		0.277528010406
338068		-0.0
338079		-0.0
338220		0.276434590944
339971		0.602059991328
340206		-0.0
340626		0.451544993496
341118		0.845098040014
341683		-0.0
342768		0.276434590944
342919		0.178111253971
343633		-0.0
343704		0.640617502277
343949		-0.0
344349		0.602059991328
344367		0.602059991328
345644		-0.0
345889		-0.0
346363		0.276434590944
349897		0.301029995664
350076		0.301029995664
350118		-0.0
351666		-0.0
352805		0.451544993496
357095		0.244219050288
357154		0.698970004336
357270		-0.0
357432		0.602059991328
357856		0.93192723219
358296		0.47712125472
358856		-0.0
360255		-0.0
360985		0.301029995664
363335		-0.0
363746		0.301029995664
364686		0.602059991328
365183		0.276434590944
365673		-0.0
367673		1.09581659355
367992		-0.0
368101		-0.0
370094		0.301029995664
370363		0.301029995664
371009		-0.0
373402		0.178111253971
373483		0.778151250384
373711		0.602059991328
374142		-0.0
374377		0.301029995664
374759		-0.0
375902		-0.0
376033		0.698970004336
376134		-0.0
379235		0.276434590944
379469		-0.0
379513		0.217322011274
379632		-0.0
379695		-0.0
379726		-0.0
379779		1.12886248374
380092		0.301029995664
380187		0.360669282088
380355		0.301029995664
381059		0.301029995664
382147		0.132301776067
382642		-0.0
384645		0.301029995664
384863		-0.0
385327		0.602059991328
385410		1.32586007473
385418		-0.0
386298		-0.0
386344		1.1462510529
386440		0.539590623024
386729		0.796657624451
386902		-0.0
387219		0.602059991328
388264		-0.0
388979		1.22538959209
389206		0.451544993496
389912		-0.0
391787		-0.0
392097		-0.0
392379		-0.0
392507		-0.0
392741		0.276434590944
392801		0.301029995664
392878		-0.0
393390		-0.0
394345		-0.0
394357		-0.0
395661		0.301029995664
395885		0.47712125472
396255		0.292285253239
397238		-0.0
397525		-0.0
400901		0.577464586608
400950		-0.0
401146		-0.0
401219		-0.0
401431		0.47712125472
401436		0.451544993496
401531		0.602059991328
401941		1.43649349371
402618		-0.0
403193		0.301029995664
406046		-0.0
406199		-0.0
406450		-0.0
406553		-0.0
406698		0.451544993496
406705		0.301029995664
407054		0.301029995664
408068		0.47712125472
408942		-0.0
409513		-0.0
412183		0.301029995664
412205		-0.0
412409		0.276434590944
412593		0.602059991328
413098		-0.0
414387		0.47712125472
414409		0.602059991328
414722		0.539590623024
415348		-0.0
417560		0.698970004336
417631		0.501063759255
418279		0.301029995664
418449		0.698970004336
418471		-0.0
418796		0.451544993496
419171		0.911213833321
420284		-0.0
420944		-0.0
423235		0.451544993496
423419		0.244219050288
423541		-0.0
423961		0.47712125472
424486		0.301029995664
424510		-0.0
424946		0.301029995664
425176		0.47712125472
425236		0.698970004336
425592		-0.0
426030		0.698970004336
428599		-0.0
428634		0.47712125472
429140		0.276434590944
429222		-0.0
429223		-0.0
429356		0.301029995664
429409		-0.0
429443		-0.0
429822		0.348225372857
432505		-0.0
432535		0.301029995664
433595		0.390976235366
436404		0.301029995664
436539		-0.0
437444		-0.0
440147		-0.0
441121		-0.0
442912		0.47712125472
444601		-0.0
444687		-0.0
444793		0.124571284653
445000		0.47712125472
446146		0.301029995664
446547		0.301029995664
446900		0.845098040014
447290		-0.0
449677		-0.0
450379		0.301029995664
450393		-0.0
450439		-0.0
450527		-0.0
451513		-0.0
452125		-0.0
452444		0.301029995664
452564		0.301029995664
454470		0.301029995664
454500		0.954242509439
454521		-0.0
455441		-0.0
455473		-0.0
457148		0.301029995664
457904		-0.0
458201		-0.0
458492		-0.0
460029		0.759089469825
460322		0.178111253971
460328		-0.0
460368		0.602059991328
460379		-0.0
460405		0.301029995664
460569		-0.0
460669		0.301029995664
460812		0.820451400255
461647		-0.0
461977		0.845098040014
462099		0.778151250384
462609		0.301029995664
462877		0.276434590944
464790		0.132301776067
465329		0.47712125472
465357		0.447172622283
465380		-0.0
465694		0.178111253971
466402		-0.0
466957		-0.0
467073		-0.0
467771		0.301029995664
467856		-0.0
468249		-0.0
469966		-0.0
470324		-0.0
470815		0.47712125472
470979		0.301029995664
471437		0.47712125472
471947		-0.0
473784		0.301029995664
476386		-0.0
476394		-0.0
476398		0.301029995664
476823		-0.0
476987		0.301029995664
477095		0.287313263762
477134		0.276434590944
477234		0.640617502277
477400		0.301029995664
479456		0.301029995664
479500		0.47712125472
479599		1.04139268516
479879		0.698970004336
479881		0.47712125472
480749		-0.0
480768		-0.0
481121		0.602059991328
481148		0.47712125472
481504		0.412697251504
483694		0.698970004336
483912		-0.0
484356		-0.0
486347		0.759089469825
486734		0.602059991328
488848		-0.0
488854		0.759089469825
489091		0.345833751203
489181		-0.0
489356		0.301029995664
489361		0.301029995664
489369		0.301029995664
489575		0.432563171903
489648		0.276434590944
489658		0.0831431083873
490894		-0.0
491091		0.276434590944
493183		-0.0
493469		0.451544993496
493564		-0.0
493882		0.276434590944
494041		-0.0
494063		0.244219050288
495100		0.276434590944
495865		0.276434590944
496174		-0.0
498408		0.276434590944
498450		0.301029995664
498578		0.301029995664
498850		-0.0
498941		0.448870296847
499242		-0.0
500031		-0.0
500185		-0.0
500661		-0.0
501358		0.754796621361
502355		-0.0
503311		0.47712125472
503487		1.203418666
503500		-0.0
503548		0.301029995664
503603		-0.0
503693		-0.0
503732		0.458146007805
503737		0.276434590944
503740		0.301029995664
503751		0.602059991328
503758		0.301029995664
503780		0.954242509439
503781		0.677807918496
503798		0.47712125472
503799		0.276434590944
504877		0.47712125472
505611		-0.0
506286		0.301029995664
508256		-0.0
508598		0.244219050288
508845		-0.0
509040		-0.0
510002		0.301029995664
510346		-0.0
511386		0.301029995664
511554		-0.0
514549		-0.0
514569		0.778151250384
514574		-0.0
515568		-0.0
516009		-0.0
516176		0.778151250384
518426		-0.0
518630		-0.0
519004		0.40843137199
522342		0.602059991328
522555		0.954242509439
522745		-0.0
522879		0.301029995664
523381		0.602059991328
523409		0.698970004336
523482		-0.0
523494		-0.0
525689		0.276434590944
526926		0.163629201979
527485		-0.0
527602		0.795202091199
528134		0.47712125472
528757		-0.0
529101		-0.0
529159		0.75257498916
529499		0.954242509439
532348		0.217322011274
532796		-0.0
533061		-0.0
533231		0.47712125472
534233		-0.0
536043		-0.0
536097		0.301029995664
537621		-0.0
537974		-0.0
538202		-0.0
539985		-0.0
540062		-0.0
540162		-0.0
540401		0.301029995664
540447		0.301029995664
541959		0.569266118368
542319		0.101534427291
542602		-0.0
542815		-0.0
544951		-0.0
545122		0.301029995664
545180		0.580290192184
545240		0.57855800607
546289		0.301029995664
546498		-0.0
546821		0.602059991328
547858		-0.0
548059		-0.0
550523		-0.0
550653		0.554608932088
550940		-0.0
551143		0.47712125472
551537		0.698970004336
552233		-0.0
553283		0.301029995664
553471		-0.0
553587		-0.0
553880		-0.0
554133		-0.0
555050		-0.0
557679		0.301029995664
558274		0.301029995664
558927		1.29919258041
560278		-0.0
560336		-0.0
560384		-0.0
562899		0.301029995664
563021		0.602059991328
563245		0.276434590944
563327		-0.0
563451		-0.0
563514		-0.0
563776		0.244219050288
564297		0.47712125472
567269		0.47712125472
567292		-0.0
567631		-0.0
567699		-0.0
568077		0.276434590944
568330		-0.0
568851		-0.0
569029		-0.0
569263		-0.0
569301		-0.0
569374		-0.0
569399		0.47712125472
569409		-0.0
569433		0.602059991328
569828		0.276434590944
570003		-0.0
571403		-0.0
572139		-0.0
573721		0.47712125472
573746		-0.0
575884		0.217322011274
575889		0.677807918496
576162		-0.0
576335		0.244219050288
576540		0.552869181887
576962		0.47712125472
577444		0.545249045952
578365		-0.0
578580		0.47712125472
579253		-0.0
580540		0.602059991328
580757		0.759089469825
581002		0.301029995664
581365		-0.0
581869		0.301029995664
583506		0.276434590944
583642		0.47712125472
585783		-0.0
586830		0.57855800607
586887		-0.0
587589		0.276434590944
587945		-0.0
588096		0.677807918496
588389		0.276434590944
588777		0.827832488076
588931		-0.0
588935		-0.0
592676		-0.0
592721		0.47712125472
593511		0.698970004336
593692		-0.0
593862		0.928694124206
595507		-0.0
596909		-0.0
597248		0.47712125472
597255		-0.0
597338		0.244219050288
597640		-0.0
597676		-0.0
597884		-0.0
599134		-0.0
599400		-0.0
601503		-0.0
601764		-0.0
602091		0.93192723219
602102		0.787943744241
602147		-0.0
602319		0.0589745669616
603443		-0.0
605386		-0.0
606122		0.47712125472
606645		0.415055189066
606861		0.698970004336
608698		-0.0
609069		-0.0
609090		-0.0
609160		-0.0
609165		-0.0
610065		-0.0
610514		-0.0
610723		0.887346954847
610894		-0.0
612990		-0.0
613156		-0.0
613298		-0.0
613589		-0.0
613595		-0.0
613812		0.151495854335
614712		0.818589219271
615420		-0.0
618501		0.910434357385
618696		0.57855800607
618727		0.301029995664
618810		-0.0
618848		0.301029995664
619099		0.47712125472
619152		-0.0
619810		-0.0
620517		0.677807918496
620776		-0.0
620884		0.124571284653
621359		-0.0
622362		0.451544993496
625945		0.43613696454
626072		0.602059991328
626212		-0.0
627311		0.276434590944
627575		-0.0
627593		-0.0
629889		0.301029995664
630420		-0.0
630518		0.254475988786
631043		0.4871645268
632203		0.301029995664
633928		0.301029995664
634171		0.141181741505
634285		-0.0
634456		0.276434590944
634682		0.57855800607
635163		0.301029995664
635599		-0.0
636897		0.301029995664
638617		-0.0
641142		-0.0
642719		-0.0
642788		0.376777922832
642920		0.301029995664
642964		-0.0
643551		0.903089986992
644341		-0.0
644499		-0.0
644853		0.451544993496
645064		-0.0
645232		0.602059991328
645903		0.412697251504
647284		0.677807918496
647306		0.301029995664
647433		0.230397405005
647449		0.698970004336
647463		-0.0
647871		-0.0
648230		0.301029995664
648313		-0.0
648608		-0.0
648698		-0.0
649724		0.301029995664
650068		0.47712125472
650395		-0.0
650714		0.47712125472
652765		0.301029995664
652960		0.301029995664
653230		-0.0
653722		-0.0
653725		0.292285253239
656152		-0.0
656392		-0.0
658329		-0.0
658359		0.47712125472
658669		0.301029995664
660778		-0.0
660881		0.47712125472
661016		0.301029995664
661345		-0.0
662435		0.47712125472
662473		0.301029995664
662476		-0.0
665113		-0.0
665469		-0.0
666057		-0.0
667241		0.301029995664
669440		0.387887319555
669490		0.80180325363
669696		0.301029995664
669842		-0.0
669908		0.276434590944
670000		-0.0
670082		-0.0
670086		-0.0
670094		0.677807918496
672991		-0.0
676614		0.301029995664
676734		0.301029995664
678699		0.602059991328
678928		-0.0
679104		0.0488650493143
679116		0.301029995664
680399		-0.0
680703		0.301029995664
680889		0.827832488076
681214		0.301029995664
683819		0.545249045952
683865		-0.0
684134		-0.0
684581		-0.0
684674		0.301029995664
684836		0.451544993496
684837		0.602059991328
685773		-0.0
686681		-0.0
686841		0.827832488076
687369		-0.0
687779		-0.0
690521		0.301029995664
690712		0.57855800607
691016		-0.0
691060		-0.0
691122		-0.0
691139		-0.0
691456		0.602059991328
692003		0.602059991328
692055		-0.0
692702		-0.0
693362		0.47712125472
693493		-0.0
693521		0.47712125472
695325		0.686660291071
695380		-0.0
695429		0.301029995664
698620		0.47712125472
699040		0.301029995664
699354		0.301029995664
699478		-0.0
699497		-0.0
699833		0.301029995664
700133		0.301029995664
700548		0.736451625319
701187		-0.0
701796		0.602059991328
701861		-0.0
703348		0.301029995664
703955		0.526802492412
705159		0.539590623024
707605		0.301029995664
707652		0.677807918496
707946		0.47712125472
708194		-0.0
708308		-0.0
709741		-0.0
710132		0.301029995664
710772		-0.0
711419		0.376777922832
711508		0.301029995664
713565		0.539590623024
713566		0.301029995664
713722		0.845098040014
713923		-0.0
714857		-0.0
715849		0.276434590944
716332		-0.0
717522		-0.0
719860		0.292285253239
719990		0.301029995664
720322		0.54872217227
720375		0.602059991328
720589		0.602059991328
720756		-0.0
720895		0.47712125472
721030		-0.0
722882		-0.0
722950		0.602059991328
722962		-0.0
723110		-0.0
723933		-0.0
724192		0.259825181013
724249		0.640617502277
724936		0.244219050288
726295		-0.0
726562		0.47712125472
726567		0.602059991328
726815		0.301029995664
726900		0.301029995664
726958		-0.0
727024		-0.0
727261		-0.0
727356		0.301029995664
727727		0.698970004336
727737		-0.0
728287		0.602059991328
730044		0.602059991328
730254		-0.0
730586		0.47712125472
730900		0.301029995664
731025		-0.0
731373		-0.0
734709		0.602059991328
734711		0.301029995664
734766		-0.0
734813		-0.0
735010		-0.0
735745		-0.0
736400		0.57855800607
737610		0.458146007805
737806		-0.0
737837		-0.0
738736		0.57855800607
739414		0.276434590944
739609		0.19567624677
741718		0.296583221518
741856		0.778151250384
742513		-0.0
742537		-0.0
742604		0.276434590944
742613		-0.0
742772		-0.0
742796		-0.0
742976		-0.0
744103		-0.0
744620		-0.0
744713		0.301029995664
745219		0.47712125472
745510		-0.0
745690		0.301029995664
745740		-0.0
745911		0.415055189066
745927		0.301029995664
745960		-0.0
745967		-0.0
745977		-0.0
745999		-0.0
746251		0.301029995664
746479		0.47712125472
747217		-0.0
751200		0.217322011274
751207		-0.0
751327		0.587072329445
751511		0.602059991328
752050		0.451544993496
752427		0.301029995664
752471		0.276434590944
752797		0.698970004336
752798		0.47712125472
752824		0.602059991328
752930		-0.0
753369		0.57855800607
753382		0.903089986992
753552		0.301029995664
753712		-0.0
753720		-0.0
753726		-0.0
754056		0.47712125472
754347		0.244219050288
754373		0.301029995664
754448		0.301029995664
754494		-0.0
754496		1.07703099794
754528		-0.0
754552		0.301029995664
754567		0.499030285772
754651		0.47712125472
754742		-0.0
754755		0.276434590944
755049		-0.0
755128		0.276434590944
755252		0.163629201979
755361		0.602059991328
756163		0.640617502277
758276		0.47712125472
759951		0.47712125472
762132		0.451544993496
762349		0.602059991328
762381		-0.0
762558		-0.0
762608		-0.0
763039		-0.0
763184		-0.0
763508		-0.0
763558		0.296583221518
763585		0.57855800607
763603		0.903089986992
763840		0.602059991328
764051		-0.0
765083		0.845098040014
766489		0.412697251504
768414		0.301029995664
768594		-0.0
768598		-0.0
768608		0.451544993496
768702		0.47712125472
768777		0.301029995664
769332		0.301029995664
769358		0.759089469825
769637		0.47712125472
769740		-0.0
769895		0.613637716453
770226		-0.0
770380		0.736451625319
771482		0.526802492412
771498		-0.0
771513		-0.0
771759		-0.0
771928		-0.0
771940		0.301029995664
772089		0.301029995664
772302		0.778151250384
772401		0.244219050288
774549		0.577464586608
774660		-0.0
775377		-0.0
775552		-0.0
776272		-0.0
776604		-0.0
777245		-0.0
778236		0.301029995664
778317		0.47712125472
778463		0.292285253239
778472		0.276434590944
779497		0.244219050288
779535		-0.0
781511		-0.0
782963		0.698970004336
782983		0.301029995664
783602		1.04139268516
784147		0.451544993496
784267		0.301029995664
784461		-0.0
784798		0.301029995664
785025		-0.0
785378		-0.0
789161		-0.0
789840		-0.0
791171		0.47712125472
792049		-0.0
792057		0.276434590944
792068		-0.0
792076		-0.0
792078		-0.0
792082		0.301029995664
792599		0.244219050288
792828		-0.0
793267		0.276434590944
793268		0.276434590944
796364		-0.0
796415		-0.0
796514		-0.0
796548		0.19567624677
796763		0.698970004336
796811		0.276434590944
797680		-0.0
798236		-0.0
798757		0.47712125472
799038		0.301029995664
799600		-0.0
799785		-0.0
799810		-0.0
800182		-0.0
800487		-0.0
801601		0.276434590944
804993		0.276434590944
805237		0.276434590944
805353		0.47712125472
805378		0.887346954847
805539		0.406885422124
805602		-0.0
805692		0.276434590944
805800		-0.0
805993		0.412697251504
806030		0.698970004336
806187		-0.0
807234		0.276434590944
808327		0.845098040014
808330		-0.0
809817		-0.0
810260		0.301029995664
811531		-0.0
812207		-0.0
815472		-0.0
815480		0.602059991328
815803		0.602059991328
816135		-0.0
816187		0.301029995664
817258		0.301029995664
818575		0.451544993496
818641		0.301029995664
819338		-0.0
822132		0.619764736479
822832		0.301029995664
822951		-0.0
823464		0.602059991328
824198		0.301029995664
824477		-0.0
825573		0.47712125472
826086		0.301029995664
826105		0.602059991328
826528		0.47712125472
826569		0.301029995664
827405		0.301029995664
828769		-0.0
828858		0.276434590944
828961		0.451544993496
829260		0.47712125472
829330		0.301029995664
829331		-0.0
829351		-0.0
829424		-0.0
829798		-0.0
830122		0.301029995664
830528		-0.0
831720		-0.0
831956		0.301029995664
832373		0.57855800607
832377		0.301029995664
832392		0.602059991328
833698		0.170536354301
834868		0.244219050288
834891		0.301029995664
835154		-0.0
835510		0.276434590944
835521		-0.0
835719		-0.0
835735		0.47712125472
835746		0.301029995664
835779		0.301029995664
835829		0.276434590944
835884		0.602059991328
835948		0.57855800607
836651		0.301029995664
836855		0.845098040014
838288		-0.0
838350		0.602059991328
838475		0.178111253971
838482		-0.0
838570		0.47712125472
838842		0.698970004336
839115		0.677807918496
839131		0.957686692192
839918		-0.0
840007		-0.0
840383		-0.0
841842		-0.0
842146		0.451544993496
842335		0.602059991328
842461		-0.0
842518		0.602059991328
842744		0.276434590944
843324		0.47712125472
844100		0.954242509439
844176		-0.0
844919		-0.0
845121		0.301029995664
845199		-0.0
845266		-0.0
845304		0.301029995664
846936		-0.0
847099		-0.0
849634		-0.0
850952		0.47712125472
850972		-0.0
851006		-0.0
851096		-0.0
851723		-0.0
853664		-0.0
853731		-0.0
854078		0.319476549204
855524		0.778151250384
855938		0.451544993496
855991		0.244219050288
856117		-0.0
856299		-0.0
858490		-0.0
858709		-0.0
859047		0.301029995664
859414		-0.0
859446		-0.0
859462		0.301029995664
859777		0.698970004336
859786		0.451544993496
859811		0.778151250384
859857		0.903089986992
860061		0.539590623024
860833		0.301029995664
861388		0.47712125472
861899		-0.0
862157		-0.0
862290		-0.0
862391		-0.0
862495		0.47712125472
863118		0.276434590944
863375		0.301029995664
863577		-0.0
863889		0.47712125472
864489		-0.0
864721		0.47712125472
867143		-0.0
869022		-0.0
869420		0.57855800607
869571		0.301029995664
869717		0.276434590944
869824		0.57855800607
869972		0.47712125472
870251		0.301029995664
870460		-0.0
870655		0.301029995664
871430		0.301029995664
872831		0.47712125472
873186		0.47712125472
875783		0.301029995664
876122		0.47712125472
876159		-0.0
876946		-0.0
877134		0.301029995664
877268		-0.0
877319		-0.0
877323		0.602059991328
877469		0.301029995664
877761		0.301029995664
878161		0.301029995664
878491		-0.0
879341		0.301029995664
882044		0.911268706598
882412		0.254475988786
882423		0.959900932368
882742		-0.0
882823		-0.0
882831		-0.0
883994		0.301029995664
884228		-0.0
884448		-0.0
884521		0.132301776067
885257		0.244219050288
885382		0.301029995664
885401		0.244219050288
885583		-0.0
885590		0.244219050288
886558		-0.0
888322		0.590308998699
888367		0.376777922832
888375		0.47712125472
888438		0.301029995664
888454		0.301029995664
888455		-0.0
888747		-0.0
889242		0.373479044771
889380		-0.0
889525		0.47712125472
889714		0.301029995664
890071		0.301029995664
890998		-0.0
891086		-0.0
891189		0.458146007805
891280		0.618491764617
891436		0.301029995664
891496		0.301029995664
891785		0.301029995664
894777		0.412697251504
895186		0.124571284653
895354		-0.0
895477		0.301029995664
895478		-0.0
895516		-0.0
896403		0.301029995664
896505		0.47712125472
897310		-0.0
897981		-0.0
898031		0.171284741071
898065		0.301029995664
898153		-0.0
898374		-0.0
899530		0.47712125472
901380		0.301029995664
901395		-0.0
901832		-0.0
901898		0.301029995664
902016		-0.0
902025		0.301029995664
902174		-0.0
902651		0.301029995664
902862		0.301029995664
903197		-0.0
904371		0.47712125472
905026		-0.0
905140		0.47712125472
905347		0.301029995664
906067		0.301029995664
906788		0.458146007805
906829		0.539590623024
906914		0.47712125472
906924		0.451544993496
906936		0.602059991328
906957		0.244219050288
909425		-0.0
909624		0.47712125472
909679		0.301029995664
909867		0.210673687056
910069		-0.0
910117		0.276434590944
910290		-0.0
910412		-0.0
910725		0.698970004336
910789		0.451544993496
910812		0.376777922832
910841		0.244219050288
910898		0.217322011274
910914		0.217322011274
911245		0.276434590944
911265		-0.0
911323		0.451544993496
911814		-0.0
911884		0.47712125472
912150		0.141181741505
912352		0.301029995664
912878		-0.0
912920		-0.0
913003		0.276434590944
913022		-0.0
913358		0.301029995664
913420		0.412697251504
913451		-0.0
913470		0.301029995664
913507		0.276434590944
914209		0.301029995664
915190		-0.0
915489		-0.0
915600		0.602059991328
915709		-0.0
916299		0.451544993496
917571		0.602059991328
919623		-0.0
919662		-0.0
919919		-0.0
920007		0.795202091199
921076		-0.0
921914		0.276434590944
922784		-0.0
923277		0.301029995664
924042		-0.0
926133		0.279895133717
928155		-0.0
928604		-0.0
928686		-0.0
929068		0.301029995664
931774		0.301029995664
931776		-0.0
932538		0.276434590944
932696		-0.0
932962		0.301029995664
933241		0.47712125472
933714		-0.0
934195		-0.0
934859		0.178111253971
934923		0.301029995664
935515		-0.0
937981		-0.0
938216		0.845098040014
938419		0.822461779221
938495		-0.0
938957		0.301029995664
939325		-0.0
940757		0.301029995664
940949		-0.0
941874		0.301029995664
943468		-0.0
943539		0.903089986992
943544		0.724169516472
943581		-0.0
944089		-0.0
944143		0.640617502277
944290		-0.0
944299		-0.0
944332		-0.0
944420		0.301029995664
944911		-0.0
945412		-0.0
945439		-0.0
945804		0.677807918496
946228		0.376777922832
946882		-0.0
947116		-0.0
947200		-0.0
947733		0.545249045952
950251		-0.0
950297		-0.0
950795		-0.0
950798		-0.0
950882		0.217322011274
950934		-0.0
950955		-0.0
950961		-0.0
950973		-0.0
951026		0.47712125472
951034		-0.0
951060		-0.0
951123		-0.0
951126		0.827832488076
951217		0.272608929462
951574		0.47712125472
951741		-0.0
951783		0.903089986992
951829		-0.0
952130		1.23726142174
952173		-0.0
953065		0.451544993496
954209		-0.0
954717		0.301029995664
954986		-0.0
955341		0.301029995664
957637		-0.0
957711		-0.0
957742		-0.0
957760		-0.0
957771		-0.0
957792		0.602059991328
958049		0.501063759255
958087		0.301029995664
958151		0.526802492412
958441		-0.0
958478		-0.0
958744		-0.0
958859		0.451544993496
958878		0.301029995664
959015		0.602059991328
959362		0.602059991328
959793		-0.0
959941		0.47712125472
960488		-0.0
960549		-0.0
960900		-0.0
961600		0.451544993496
961889		0.602059991328
962062		-0.0
962513		-0.0
962668		0.301029995664
962797		0.301029995664
963711		-0.0
964153		0.141181741505
965530		0.698970004336
967358		0.57855800607
967703		0.451544993496
967708		0.47712125472
967903		0.301029995664
968181		-0.0
968227		0.677807918496
968286		0.565925840364
968902		0.458146007805
969306		-0.0
969524		-0.0
969562		-0.0
969640		0.954242509439
970180		-0.0
973371		-0.0
973799		-0.0
973852		-0.0
973863		1.06763104528
974022		-0.0
974032		0.412697251504
974073		0.301029995664
974137		0.47712125472
974291		1.0290095801
975141		0.539590623024
976570		0.111752065679
976576		0.111752065679
977419		-0.0
978943		0.887346954847
979140		-0.0
979147		-0.0
979432		0.301029995664
979589		-0.0
979774		-0.0
979840		0.276434590944
980850		0.301029995664
981940		-0.0
982214		0.698970004336
984235		-0.0
984288		-0.0
984377		-0.0
984716		0.301029995664
985439		0.244219050288
985768		-0.0
986568		0.778151250384
986939		0.47712125472
987104		0.451544993496
987290		0.301029995664
987448		0.451544993496
987491		0.939794000867
988527		-0.0
988997		-0.0
989264		0.244219050288
989651		-0.0
990126		0.301029995664
990874		0.466233734282
991223		0.451544993496
991518		0.602059991328
991894		0.301029995664
991896		0.301029995664
992091		0.301029995664
992181		0.412697251504
992203		-0.0
992604		0.47712125472
992948		-0.0
993028		-0.0
994914		0.698970004336
994923		-0.0
995033		0.47712125472
995094		-0.0
995572		0.602059991328
996147		0.163629201979
996478		-0.0
996728		-0.0
997289		-0.0
997489		0.232764926404
997534		0.276434590944
998277		-0.0
998310		-0.0
998464		0.47712125472
998610		-0.0
998686		-0.0
999062		-0.0
999092		-0.0
999563		0.301029995664
999623		-0.0
999787		1.0
1002245		0.47712125472
1002712		0.301029995664
1002999		-0.0
1003089		0.47712125472
1003118		1.32221929473
1003650		-0.0
1003929		-0.0
1004464		0.778151250384
1004477		-0.0
1004911		0.602059991328
1004955		-0.0
1005292		0.698970004336
1006971		-0.0
1007007		-0.0
1007437		0.301029995664
1008206		-0.0
1011030		0.47712125472
1011279		0.301029995664
1011350		-0.0
1011947		1.65923661206
1012008		0.602059991328
1012355		-0.0
1012386		0.301029995664
1013708		0.451544993496
1014065		0.698970004336
1014242		-0.0
1014281		-0.0
1014284		0.47712125472
1014724		-0.0
1014873		-0.0
1015114		0.276434590944
1015115		-0.0
1016843		0.602059991328
1017345		0.903089986992
1017461		0.602059991328
1017639		-0.0
1018028		-0.0
1018291		0.602059991328
1018833		0.554608932088
1019315		0.301029995664
1020073		-0.0
1021924		-0.0
1022085		-0.0
1022457		0.954242509439
1022995		-0.0
1023322		-0.0
1023442		0.47712125472
1023619		0.301029995664
1023891		0.301029995664
1024211		-0.0
1024499		-0.0
1024713		0.435475009184
1025619		-0.0
1026296		-0.0
1026795		0.57855800607
1026932		0.301029995664
1026954		-0.0
1026962		-0.0
1026984		0.47712125472
1027010		-0.0
1027068		0.47712125472
1028351		0.412697251504
1028422		0.47712125472
1028733		-0.0
1028778		-0.0
1028851		0.276434590944
1028890		-0.0
1029488		0.301029995664
1029550		0.301029995664
1032027		0.661410982015
1032280		0.301029995664
1034292		-0.0
1034332		-0.0
1034479		0.47712125472
1036510		0.301029995664
1036747		-0.0
1036786		0.301029995664
1036976		-0.0
1037225		-0.0
1037418		0.602059991328
1037434		0.276434590944
1037651		-0.0
1037794		-0.0
1038934		-0.0
1039224		-0.0
1039384		-0.0
1040625		-0.0
1040874		-0.0
1043926		0.301029995664
1044166		-0.0
1044239		-0.0
1044283		-0.0
1044383		-0.0
1044458		-0.0
1044644		0.276434590944
1044647		0.301029995664
1044689		-0.0
1045814		-0.0
1046424		0.47712125472
1046827		-0.0
1047295		-0.0
1047795		-0.0
1048676		-0.0
1048998		-0.0
1051966		0.47712125472
1052820		0.301029995664
1052838		-0.0
1053031		0.602059991328
1053145		-0.0
1053708		0.47712125472
1054109		0.292285253239
1054473		-0.0
1054663		0.301029995664
1054685		-0.0
1054707		0.276434590944
1055075		-0.0
1057585		0.47712125472
1057781		0.602059991328
1059765		-0.0
1059965		-0.0
1060061		0.301029995664
1060557		0.728306536607
1062276		0.301029995664
1062285		-0.0
1062288		0.451544993496
1062292		-0.0
1062414		-0.0
1062655		0.778151250384
1062744		0.301029995664
1062835		-0.0
1064374		0.368579454592
1064380		-0.0
1066530		0.301029995664
1066581		0.301029995664
1066717		0.602059991328
1066729		-0.0
1067260		0.301029995664
1067699		-0.0
1068690		-0.0
1069406		0.57855800607
1069456		0.47712125472
1071001		-0.0
1071896		0.439247291136
1073525		-0.0
1074037		-0.0
1075631		-0.0
1075704		-0.0
1077003		-0.0
1077004		-0.0
1077914		-0.0
1078188		0.301029995664
1078278		-0.0
1081830		-0.0
1081900		-0.0
1082555		0.698970004336
1085203		0.292285253239
1085453		0.602059991328
1085649		-0.0
1085923		-0.0
1086398		0.301029995664
1086467		0.19567624677
1086620		-0.0
1086798		-0.0
1086840		-0.0
1087652		-0.0
1087800		0.501063759255
1089860		0.301029995664
1090004		0.47712125472
1090225		-0.0
1092315		0.47712125472
1092444		0.47712125472
1093437		-0.0
1094175		0.47712125472
1094827		-0.0
1095936		-0.0
1098252		-0.0
1098699		0.698970004336
1099098		0.244219050288
1099339		-0.0
1099869		-0.0
1101219		-0.0
1101344		-0.0
1101515		-0.0
1101792		0.698970004336
1102681		-0.0
1102682		-0.0
1102773		-0.0
1103008		-0.0
1103303		-0.0
1104130		1.22946180746
1104149		1.23044892138
1104165		1.10312375058
1104191		1.0
1104204		0.954242509439
1104211		1.17609125906
1104487		0.276434590944
1104566		0.301029995664
1104818		-0.0
1104866		0.602059991328
1105692		-0.0
1106984		0.301029995664
1107387		0.47712125472
1107409		-0.0
1107454		0.301029995664
1107702		-0.0
1107772		-0.0
1107979		-0.0
1108847		-0.0
1109141		-0.0
1109220		-0.0
1109687		-0.0
1109778		-0.0
1110027		0.301029995664
1110080		0.301029995664
1111943		-0.0
1112488		1.24706623299
1112526		0.47712125472
1113559		-0.0
1113891		-0.0
1114680		0.47712125472
1115170		0.602059991328
1115384		-0.0
1115826		0.47712125472
1116443		-0.0
1117883		0.301029995664
1117911		1.4145259527
1118454		-0.0
1118554		-0.0
1118809		0.301029995664
1119564		-0.0
1121492		-0.0
1121621		0.301029995664
1122487		0.301029995664
1122520		-0.0
1124120		-0.0
1124614		-0.0
1125056		0.217322011274
1125163		1.04139268516
1125742		-0.0
1125919		-0.0
1125930		0.276434590944
1126473		0.602059991328
1127386		0.373479044771
1127628		0.19567624677
1127631		-0.0
1130731		-0.0
1131172		0.217322011274
1132050		-0.0
1133415		0.451544993496
1133533		-0.0
1133916		-0.0
1134652		-0.0
1134750		0.301029995664
1135591		0.276434590944
1135816		-0.0
1135826		0.301029995664
1136247		-0.0
1136358		-0.0
1137388		-0.0
1137706		-0.0
1137769		-0.0
1138043		-0.0
1138104		-0.0
1138364		-0.0
1138401		0.47712125472
1138610		0.301029995664
1138611		-0.0
1139425		-0.0
1141689		0.439247291136
1141896		-0.0
1141948		-0.0
1142786		0.301029995664
1143328		-0.0
1143679		-0.0
1144111		0.301029995664
1144365		-0.0
1144615		0.301029995664
1144757		-0.0
1146045		0.602059991328
1146412		0.47712125472
1146629		-0.0
1148233		0.778151250384
1148600		0.301029995664
1149460		-0.0
1149579		-0.0
1153502		-0.0
1154281		0.301029995664
1156248		0.47712125472
1157032		-0.0
1159094		0.27519645589
1159476		0.301029995664
1159569		0.47712125472
1159698		-0.0
1159721		0.244219050288
1159741		-0.0
1159990		0.301029995664
1161758		0.301029995664
1161787		0.698970004336
1163288		0.577464586608
1164793		-0.0
1164826		-0.0
1166715		0.451544993496
1166786		0.602059991328
1168247		-0.0
1168465		-0.0
1168479		-0.0
1168554		-0.0
1168836		0.602059991328
1168962		-0.0
1169099		-0.0
1169101		-0.0
1169332		0.47712125472
1169410		0.47712125472
1169927		-0.0
1170778		0.301029995664
1170917		-0.0
1171184		-0.0
1173359		-0.0
1173852		-0.0
1174214		0.845098040014
1174585		0.301029995664
1174689		-0.0
1174842		0.301029995664
1175182		0.301029995664
1175357		-0.0
1175552		-0.0
1175862		-0.0
1175949		0.301029995664
1177204		-0.0
1177339		0.301029995664
1177563		0.47712125472
1178110		0.296944033873
1178263		0.301029995664
1178356		-0.0
1178432		-0.0
1178735		-0.0
1178814		-0.0
1178884		0.301029995664
1178948		0.276434590944
1179027		-0.0
1180330		0.301029995664
1181926		0.903089986992
1182667		-0.0
1182721		-0.0
1183002		-0.0
1183064		0.47712125472
1183704		-0.0
1184144		-0.0
1185035		-0.0
1185613		-0.0
1185627		-0.0
1185637		-0.0
1185645		0.47712125472
1185685		-0.0
1186063		-0.0
1186563		0.301029995664
1186992		0.301029995664
1188162		-0.0
1188420		0.602059991328
1188862		0.415055189066
1188870		-0.0
1188871		-0.0
1192345		0.301029995664
1192887		-0.0
1194196		0.451544993496
1195841		-0.0
1195908		-0.0
1196334		-0.0
1196746		-0.0
1196906		0.301029995664
1199064		0.301029995664
1201486		-0.0
1201509		-0.0
1202356		0.47712125472
1203352		0.47712125472
1203517		-0.0
1203851		-0.0
1203919		-0.0
1204106		-0.0
1204594		0.47712125472
1204683		-0.0
1206133		-0.0
1206148		0.47712125472
1206207		-0.0
1206605		-0.0
1206950		-0.0
1207537		-0.0
1209059		-0.0
1210441		-0.0
1210445		-0.0
1211003		-0.0
1211365		-0.0
1211448		0.412697251504
1211805		-0.0
1212498		0.47712125472
1212611		-0.0
1215660		-0.0
1215676		-0.0
1215734		0.47712125472
1215782		-0.0
1215813		0.301029995664
1216696		0.301029995664
1217025		0.47712125472
1217542		-0.0
1217659		-0.0
1217867		-0.0
1217932		0.301029995664
1218693		-0.0
1220138		0.276434590944
1220172		0.301029995664
1220605		0.132301776067
1220909		-0.0
1220911		-0.0
1220964		0.301029995664
1222066		0.539590623024
1222193		-0.0
1222522		0.301029995664
1222791		-0.0
1223028		0.301029995664
1223102		0.301029995664
1224102		-0.0
1227237		-0.0
1227508		-0.0
1227756		0.47712125472
1227924		-0.0
1228200		0.845098040014
1228262		-0.0
1228475		-0.0
1228587		0.301029995664
1232467		-0.0
1232735		0.301029995664
1234236		0.903089986992
1235567		-0.0
1235782		-0.0
1235792		0.47712125472
1237614		0.602059991328
1239441		-0.0
1239504		0.301029995664
1239796		0.451544993496
1241435		-0.0
1241680		-0.0
1243685		0.296944033873
1243951		0.301029995664
1244020		0.451544993496
1244044		-0.0
1244058		-0.0
1245893		-0.0
1246112		-0.0
1247695		-0.0
1248131		-0.0
1248365		0.57855800607
1249009		-0.0
1249035		0.451544993496
1249238		-0.0
1249914		-0.0
1252410		0.451544993496
1252559		0.301029995664
1252845		0.451544993496
1253301		0.602059991328
1253776		-0.0
1253841		0.301029995664
1254987		0.301029995664
1255508		-0.0
1255546		0.602059991328
1255558		-0.0
1257294		0.562213822101
1259879		-0.0
1260092		-0.0
1260584		-0.0
1260604		-0.0
1264355		1.14612803568
1265057		0.301029995664
1265500		-0.0
1265504		-0.0
1265950		0.412697251504
1266400		-0.0
1267141		-0.0
1270742		0.301029995664
1272109		-0.0
1273130		0.603859461772
1273813		-0.0
1273942		-0.0
1273951		-0.0
1274005		-0.0
1274024		-0.0
1274129		0.244219050288
1274132		0.301029995664
1274137		0.244219050288
1274148		0.47712125472
1274157		0.301029995664
1274192		-0.0
1275448		0.301029995664
1276116		0.301029995664
1276195		0.451544993496
1276403		-0.0
1277595		-0.0
1277699		0.301029995664
1277821		0.602059991328
1277843		-0.0
1277853		-0.0
1278108		-0.0
1278238		-0.0
1278252		0.276434590944
1278309		-0.0
1279569		-0.0
1285049		0.19567624677
1285631		-0.0
1285834		-0.0
1286932		-0.0
1288199		-0.0
1288804		-0.0
1289986		0.301029995664
1290009		0.301029995664
1290041		0.301029995664
1290085		0.301029995664
1290185		0.301029995664
1290307		0.47712125472
1290474		-0.0
1290524		-0.0
1290569		-0.0
1290575		0.301029995664
1290743		-0.0
1290867		-0.0
1290932		0.301029995664
1291043		0.301029995664
1291052		-0.0
1291119		-0.0
1291139		-0.0
1291165		-0.0
1291239		-0.0
1291277		-0.0
1291298		0.301029995664
1293182		0.43613696454
1293224		-0.0
1293554		-0.0
1293635		-0.0
1295483		0.47712125472
1296221		-0.0
1298655		-0.0
1299105		-0.0
1299537		-0.0
1301343		-0.0
1301483		0.276434590944
1301587		-0.0
1301761		0.301029995664
1301899		0.451544993496
1304892		0.244219050288
1306076		-0.0
1307796		-0.0
1308616		-0.0
1311575		-0.0
1311834		-0.0
1312293		0.778151250384
1312525		-0.0
1313332		0.301029995664
1316313		0.451544993496
1316398		0.47712125472
1316857		-0.0
1316926		-0.0
1316970		0.301029995664
1317011		0.301029995664
1318859		0.778151250384
1318871		0.301029995664
1318961		-0.0
1319453		-0.0
1320591		-0.0
1320988		-0.0
1321867		0.301029995664
1322180		-0.0
1322245		-0.0
1322601		-0.0
1322922		0.451544993496
1323011		0.301029995664
1323742		-0.0
1324923		-0.0
1325066		0.778151250384
1325392		0.301029995664
1325414		-0.0
1327361		-0.0
1327781		-0.0
1329358		0.673080899635
1329363		-0.0
1329559		-0.0
1330059		0.677807918496
1330072		0.301029995664
1330115		0.415055189066
1330202		0.301029995664
1330413		-0.0
1331013		-0.0
1331818		0.439247291136
1331915		0.301029995664
1332647		-0.0
1332828		-0.0
1334398		0.301029995664
1334529		0.451544993496
1334604		-0.0
1334939		0.602059991328
1335167		-0.0
1335446		0.47712125472
1335482		0.301029995664
1335585		-0.0
1335597		0.602059991328
1337394		-0.0
1337800		-0.0
1338106		0.301029995664
1340751		0.301029995664
1341305		-0.0
1341313		0.301029995664
1341367		0.698970004336
1341628		0.301029995664
1341916		0.47712125472
1342320		-0.0
1342335		-0.0
1343651		0.57855800607
1347213		-0.0
1347685		-0.0
1347884		0.301029995664
1349657		1.1462510529
1349679		-0.0
1349697		0.954242509439
1349732		0.301029995664
1349941		-0.0
1349988		-0.0
1350117		0.284672117394
1350787		-0.0
1351048		-0.0
1354230		-0.0
1354377		0.244219050288
1354774		-0.0
1354864		-0.0
1355295		0.301029995664
1355456		-0.0
1355914		-0.0
1356002		0.301029995664
1357084		-0.0
1357091		-0.0
1357097		-0.0
1357391		-0.0
1357456		-0.0
1357873		-0.0
1358283		0.301029995664
1358905		-0.0
1359249		-0.0
1359393		-0.0
1359536		0.451544993496
1359593		-0.0
1359842		0.451544993496
1360124		-0.0
1360799		-0.0
1361403		-0.0
1362754		0.301029995664
1363351		0.47712125472
1364140		-0.0
1364373		-0.0
1364400		-0.0
1364705		-0.0
1364796		0.47712125472
1364802		-0.0
1364811		0.301029995664
1364818		0.301029995664
1364821		0.301029995664
1364825		0.301029995664
1364828		0.47712125472
1364831		0.301029995664
1364835		0.301029995664
1364840		0.301029995664
1364911		-0.0
1364916		-0.0
1364918		-0.0
1364921		-0.0
1364923		-0.0
1364924		0.301029995664
1366751		-0.0
1366806		-0.0
1367512		-0.0
1369383		-0.0
1369561		0.301029995664
1371359		-0.0
1371811		-0.0
1372911		-0.0
1373691		-0.0
1374295		0.301029995664
1374674		0.301029995664
1375277		-0.0
1377336		0.301029995664
1377994		-0.0
1378503		-0.0
1381437		-0.0
1385225		0.301029995664
1385242		-0.0
1386572		-0.0
1386589		-0.0
1387061		-0.0
1387256		0.759089469825
1387579		-0.0
1389732		-0.0
1390097		-0.0
1390153		-0.0
1390264		-0.0
1390658		0.301029995664
1390927		0.301029995664
1392063		0.301029995664
1393237		0.451544993496
1394435		-0.0
1394563		-0.0
1395814		0.451544993496
1396143		0.301029995664
1399662		-0.0
1399839		0.412697251504
1399934		0.244219050288
1400137		0.244219050288
1400829		0.192525649895
1401031		-0.0
1401045		-0.0
1401170		-0.0
1401523		-0.0
1401577		-0.0
1402690		-0.0
1403279		-0.0
1404648		-0.0
1404741		-0.0
1404795		-0.0
1405006		-0.0
1405217		0.47712125472
1405368		-0.0
1405422		-0.0
1406018		-0.0
1406680		-0.0
1407110		0.47712125472
1407777		0.594515427423
1409798		-0.0
1409911		0.301029995664
1409934		0.47712125472
1410812		0.301029995664
1410877		0.602059991328
1413408		-0.0
1417393		-0.0
1419187		-0.0
1420457		-0.0
1421312		0.47712125472
1422744		0.903089986992
1423267		-0.0
1423277		-0.0
1423883		-0.0
1424482		-0.0
1425371		-0.0
1426161		-0.0
1428197		0.276434590944
1428199		-0.0
1428501		0.673080899635
1429375		-0.0
1429727		-0.0
1429861		-0.0
1430428		-0.0
1432766		-0.0
1433939		-0.0
1434709		-0.0
1435202		-0.0
1435843		0.276434590944
1436586		-0.0
1437736		-0.0
1437768		-0.0
1438100		-0.0
1438251		0.276434590944
1438461		-0.0
1439008		0.451544993496
1439567		-0.0
1439897		-0.0
1439909		-0.0
1439962		-0.0
1442195		-0.0
1442436		-0.0
1442597		0.301029995664
1442707		0.276434590944
1445348		-0.0
1445643		0.301029995664
1445826		-0.0
1446952		-0.0
1447639		-0.0
1447646		-0.0
1447807		0.301029995664
1447966		-0.0
1447995		-0.0
1448034		-0.0
1448103		-0.0
1449344		-0.0
1449947		0.301029995664
1449963		-0.0
1450000		-0.0
1450308		-0.0
1450391		0.244219050288
1453355		-0.0
1453527		0.276434590944
1453543		-0.0
1453559		0.276434590944
1455172		-0.0
1455194		-0.0
1455391		0.301029995664
1455567		0.301029995664
1456022		-0.0
1456103		-0.0
1456919		-0.0
1458853		-0.0
1460924		-0.0
1461404		0.301029995664
1461798		-0.0
1462190		-0.0
1465485		-0.0
1466175		0.301029995664
1466740		-0.0
1467412		-0.0
1468954		0.301029995664
1469147		-0.0
1469219		0.276434590944
1471185		0.301029995664
1471349		-0.0
1471387		-0.0
1472274		-0.0
1473167		0.602059991328
1473551		-0.0
1473570		0.451544993496
1473675		-0.0
1475798		0.698970004336
1478246		-0.0
1478810		-0.0
1478825		-0.0
1478856		0.276434590944
1478860		-0.0
1479154		0.47712125472
1479169		0.244219050288
1479652		-0.0
1480690		-0.0
1481189		-0.0
1481246		0.301029995664
1481248		-0.0
1481633		0.602059991328
1481890		0.301029995664
1481901		-0.0
1482036		0.301029995664
1484682		-0.0
1485566		-0.0
1486104		0.301029995664
1486754		-0.0
1486755		-0.0
1486888		-0.0
1487566		-0.0
1488764		0.301029995664
1490150		-0.0
1491286		0.301029995664
1491915		0.276434590944
1492765		-0.0
1493181		-0.0
1493261		-0.0
1493574		-0.0
1493854		-0.0
1493927		-0.0
1494003		-0.0
1494099		-0.0
1494426		0.276434590944
1494608		-0.0
1494842		0.301029995664
1495572		-0.0
1496661		-0.0
1496876		-0.0
1500177		-0.0
1500307		0.301029995664
1500388		-0.0
1500806		-0.0
1500994		0.47712125472
1501822		-0.0
1502457		0.602059991328
1502583		0.217322011274
1502985		-0.0
1503920		0.298343621996
1505421		-0.0
1505637		0.301029995664
1506495		-0.0
1507094		-0.0
1507619		-0.0
1508102		0.301029995664
1511018		0.47712125472
1511997		0.602059991328
1513191		0.301029995664
1517682		0.47712125472
1518518		-0.0
1518815		0.301029995664
1520324		0.301029995664
1520796		-0.0
1520817		-0.0
1521295		0.57855800607
1522591		-0.0
1522601		-0.0
1523057		0.451544993496
1523125		0.301029995664
1523138		0.301029995664
1523217		0.47712125472
1523295		-0.0
1523346		0.276434590944
1525274		-0.0
1525514		-0.0
1525588		0.301029995664
1525718		-0.0
1526050		0.47712125472
1526200		-0.0
1526703		-0.0
1526946		-0.0
1527567		0.301029995664
1528079		-0.0
1528205		0.301029995664
1528834		-0.0
1529004		-0.0
1532790		0.301029995664
1533082		-0.0
1533593		0.244219050288
1534704		0.301029995664
1536270		-0.0
1540170		0.301029995664
1540359		-0.0
1541027		0.276434590944
1543026		-0.0
1545039		-0.0
1545218		-0.0
1545895		0.602059991328
1546882		-0.0
1547818		-0.0
1549550		0.301029995664
1550152		-0.0
1550331		-0.0
1550403		-0.0
1550523		-0.0
1550531		0.602059991328
1553453		-0.0
1554787		0.47712125472
1555450		-0.0
1557140		-0.0
1557746		0.301029995664
1557909		-0.0
1558199		-0.0
1558226		-0.0
1559914		0.301029995664
1560467		-0.0
1561046		-0.0
1563525		0.301029995664
1563742		-0.0
1563792		0.301029995664
1565130		-0.0
1565196		0.301029995664
1565651		-0.0
1566601		0.602059991328
1567844		-0.0
1568031		-0.0
1568551		-0.0
1568743		-0.0
1570048		0.47712125472
1572438		-0.0
1572508		-0.0
1572611		0.412697251504
1572933		0.301029995664
1573295		-0.0
1573416		0.301029995664
1573659		-0.0
1574018		-0.0
1574909		0.301029995664
1575184		-0.0
1575258		0.47712125472
1576121		-0.0
1576856		0.47712125472
1577010		0.301029995664
1579606		-0.0
1580656		0.301029995664
1581993		-0.0
1582732		0.698970004336
1583436		-0.0
1583519		-0.0
1585159		-0.0
1585162		-0.0
1585218		0.301029995664
1585222		0.602059991328
1587407		-0.0
1587505		-0.0
1587770		-0.0
1588550		0.301029995664
1590729		-0.0
1590748		-0.0
1591151		-0.0
1591526		-0.0
1591603		-0.0
1592759		-0.0
1593465		0.301029995664
1593578		-0.0
1597607		-0.0
1598226		-0.0
1600690		-0.0
1601152		-0.0
1601233		0.47712125472
1601485		0.301029995664
1601486		-0.0
1601527		-0.0
1601631		-0.0
1601714		-0.0
1603820		0.301029995664
1604163		-0.0
1657184		0.301029995664
1669097		-0.0
1685096		-0.0
1687016		-0.0
1688076		0.301029995664
1689896		-0.0
1694213		-0.0
1702214		-0.0
1703030		-0.0
1706914		-0.0
1743705		-0.0
1778971		-0.0
1813535		-0.0
1844602		-0.0
1845742		-0.0
1902695		-0.0
1906735		0.301029995664
1912143		-0.0
1927044		-0.0
1933809		-0.0
1949835		-0.0
1953212		0.276434590944
1966857		0.301029995664
1968943		-0.0
1976683		-0.0
1978129		-0.0
1989304		0.301029995664
1998815		0.458146007805
2003500		0.539590623024
2005281		0.827832488076
2021396		-0.0
2021504		-0.0
2022314		-0.0
2027555		-0.0
2032399		0.301029995664
2032415		-0.0
2033895		-0.0
2040722		0.301029995664
2045546		-0.0
2082266		-0.0
2082970		-0.0
2125936		-0.0
2131693		-0.0
2172483		-0.0
2183121		0.301029995664
2186262		0.47712125472
2186743		0.301029995664
2187640		-0.0
2188238		-0.0
2193587		0.301029995664
2242446		-0.0
2294280		-0.0
2299584		-0.0
2338727		0.244219050288
2344955		0.276434590944
2345540		0.301029995664
2349975		-0.0
2363072		0.301029995664
2363110		0.301029995664
2391433		0.451544993496
2391931		-0.0
2392255		-0.0
2424951		-0.0
2429703		-0.0
2430781		-0.0
2464436		-0.0
2475855		-0.0
2488705		-0.0
2496001		-0.0
2541600		-0.0
2547556		0.301029995664
2552793		-0.0
2563885		0.301029995664
2564695		0.602059991328
2565793		0.276434590944
2597680		-0.0
2599011		-0.0
2617760		-0.0
2618152		-0.0
2619362		-0.0
2619562		0.244219050288
2631006		-0.0
2631534		0.47712125472
2648898		-0.0
2649678		-0.0
2652690		-0.0
2665534		0.301029995664
2695293		-0.0
2700968		-0.0
2703526		-0.0
2710206		0.301029995664
2717802		0.47712125472
2748965		-0.0
2750522		0.301029995664
2752671		-0.0
2752821		-0.0
2752914		-0.0
2757497		0.301029995664
2795556		-0.0
2795814		-0.0
2803214		-0.0
2807974		-0.0
2808674		-0.0
2822497		-0.0
2826006		-0.0
2832071		0.301029995664
2843136		0.292285253239
2847854		-0.0
2853487		-0.0
2854247		0.301029995664
2863046		-0.0
2864414		-0.0
2884512		0.244219050288
2906053		-0.0
2906141		0.65889056153
2915969		-0.0
2921962		0.301029995664
2922650		-0.0
2929342		0.301029995664
2932222		-0.0
2949258		-0.0
2969263		0.301029995664
2976328		0.451544993496
2983495		0.45970399811
3011242		0.301029995664
3031757		-0.0
3068572		0.301029995664
3077437		-0.0
3104786		-0.0
3110842		-0.0
3125440		-0.0
3137729		-0.0
3157328		-0.0
3189166		0.698970004336
3189169		0.301029995664
3214515		-0.0
3215691		0.301029995664
3216868		0.602059991328
3219900		-0.0
3222048		-0.0
3233740		-0.0
3236580		0.301029995664
3240866		0.47712125472
3267651		-0.0
3277723		-0.0
3292814		-0.0
3298045		0.301029995664
3302071		-0.0
3305364		-0.0
3312840		0.47712125472
3315404		-0.0
3329749		-0.0
3334993		-0.0
3335140		-0.0
3336028		0.47712125472
3339781		-0.0
3342667		-0.0
3355516		0.301029995664
3369624		-0.0
3376086		-0.0
3378842		-0.0
3379053		-0.0
3380193		-0.0
3385182		-0.0
3385452		-0.0
3395809		0.301029995664
3396682		-0.0
3397978		-0.0
3398961		-0.0
3399013		-0.0
3400417		0.276434590944
3406488		0.301029995664
3409504		0.276434590944
3412026		-0.0
3412068		-0.0
3412113		-0.0
3412124		-0.0
3413480		-0.0
3414800		0.301029995664
3414980		-0.0
3427942		0.47712125472
3430822		-0.0
3432100		0.301029995664
3432109		0.47712125472
3434170		-0.0
3435466		-0.0
3435547		-0.0
3438319		0.301029995664
3439885		-0.0
3444763		0.301029995664
3446473		0.301029995664
3456629		-0.0
3486599		-0.0
3489207		-0.0
3506815		-0.0
3507842		-0.0
3510339		-0.0
3511384		0.301029995664
3516685		0.301029995664
3527261		-0.0
3537053		-0.0
3546085		-0.0
3552057		-0.0
3560244		-0.0
3561695		0.157306046251
3561987		-0.0
3576332		-0.0
3581068		0.301029995664
3605750		-0.0
3629983		0.345833751203
3635640		-0.0
3637556		-0.0
3638420		-0.0
3641740		-0.0
3645776		-0.0
3648287		-0.0
3667354		-0.0
3700287		0.244219050288
3702368		0.301029995664
3703936		0.301029995664
3706958		-0.0
3714067		-0.0
3715359		0.301029995664
3718533		-0.0
3721630		0.451544993496
3727959		-0.0
3746531		0.301029995664
3748512		-0.0
3757146		-0.0
3759504		-0.0
3766772		0.47712125472
3766933		-0.0
3768105		-0.0
3776050		-0.0
3801243		0.529961811177
3815518		0.57855800607
3815560		0.451544993496
3815784		-0.0
3816274		-0.0
3817842		-0.0
3818794		-0.0
3832795		0.132301776067
3833871		0.301029995664
3843700		0.301029995664
3854028		-0.0
3870238		0.276434590944
3880137		-0.0
3892275		-0.0
3894801		-0.0
3898749		-0.0
3910475		-0.0
3917254		-0.0
3921064		-0.0
3925023		-0.0
3926121		0.451544993496
3960569		0.301029995664
3974635		0.602059991328
3974870		0.301029995664
3974933		0.301029995664
3977219		0.301029995664
3996488		-0.0
4002508		0.301029995664
4029062		-0.0
4031108		0.301029995664
4032118		0.301029995664
4034326		0.301029995664
4035910		-0.0
4041649		-0.0
4042969		-0.0
4055539		-0.0
4064473		-0.0
4084696		0.276434590944
4086674		-0.0
4094832		-0.0
4094870		-0.0
4096485		-0.0
4098296		-0.0
4103685		-0.0
4113116		-0.0
4115910		-0.0
4147790		0.301029995664
4160587		0.602059991328
4163569		-0.0
4168341		-0.0
4168987		-0.0
4170694		-0.0
4171380		-0.0
4176802		-0.0
4191090		0.301029995664
4197327		-0.0
4199996		-0.0
4201243		-0.0
4201991		-0.0
4211643		-0.0
4211862		-0.0
4223569		-0.0
4223725		-0.0
4229563		0.276434590944
4233260		0.539590623024
4247572		-0.0
4249518		0.406885422124
4250061		-0.0
4250350		-0.0
4250574		-0.0
4258077		0.301029995664
4258107		-0.0
4266307		0.301029995664
4273937		-0.0
4275771		-0.0
4311516		-0.0
4333679		-0.0
4341305		0.301029995664
4343363		-0.0
4343903		0.301029995664
4344614		0.602059991328
4344686		0.301029995664
4350338		-0.0
4362867		0.301029995664
4393585		-0.0
4399237		-0.0
4410308		-0.0
4472240		-0.0
4503979		-0.0
4523267		0.301029995664
4530305		-0.0
4532345		-0.0
4537422		0.698970004336
4566886		-0.0
4567874		-0.0
4568634		-0.0
4597226		-0.0
4602651		-0.0
4612291		-0.0
4612424		0.301029995664
4612595		-0.0
4612652		-0.0
4614350		-0.0
4614750		-0.0
4615006		0.47712125472
4624554		0.276434590944
4636276		-0.0
4641429		-0.0
4645977		-0.0
4646965		-0.0
4667145		0.301029995664
4667572		-0.0
4683449		-0.0
4685386		-0.0
4696892		-0.0
4703194		-0.0
4704928		-0.0
4723083		-0.0
4727568		0.301029995664
4731276		0.301029995664
4736211		0.301029995664
4736263		0.301029995664
4760446		-0.0
4763663		0.301029995664
4778142		-0.0
4780356		-0.0
4793054		-0.0
4793534		-0.0
4793554		-0.0
4794454		-0.0
4797394		0.301029995664
4801125		-0.0
4802457		0.301029995664
4802775		-0.0
4803535		0.301029995664
4804929		-0.0
4820050		-0.0
4831900		-0.0
4834140		-0.0
4838567		-0.0
4869800		-0.0
4872669		-0.0
4884676		-0.0
4908682		-0.0
4915222		-0.0
4919041		-0.0
4931984		-0.0
4934849		0.301029995664
4960417		-0.0
4970847		-0.0
4971147		-0.0
4975812		0.301029995664
4976724		-0.0
4981575		-0.0
4989367		-0.0
4999748		-0.0
5002128		-0.0
5002730		-0.0
5030900		-0.0
5038163		-0.0
5044027		0.301029995664
5045023		-0.0
5046142		-0.0
5063105		-0.0
5074629		-0.0
5074894		-0.0
5075509		0.301029995664
5075804		-0.0
5084108		-0.0
5087696		0.47712125472
5120526		-0.0
5146423		-0.0
5148443		-0.0
5151912		-0.0
5161662		-0.0
5169487		-0.0
5191571		-0.0
5202656		-0.0
5209372		0.301029995664
5211635		-0.0
5223201		-0.0
5223255		-0.0
5231762		0.301029995664
5259403		0.301029995664
5268789		-0.0
5276730		-0.0
5305749		-0.0
5335910		-0.0
5361123		0.47712125472
5361535		-0.0
5374517		-0.0
5384954		0.47712125472
5405390		-0.0
5405962		0.47712125472
5431607		-0.0
5431712		0.301029995664
5431784		0.301029995664
5457010		-0.0
5466278		-0.0
5477644		0.276434590944
5486305		-0.0
5511155		0.301029995664
5535676		-0.0
5535708		0.301029995664
5535845		-0.0
5535853		-0.0
5535861		-0.0
5535871		-0.0
5535883		-0.0
5535889		-0.0
5535911		-0.0
5536001		0.301029995664
5545145		-0.0
5573324		0.301029995664
5575688		-0.0
5575826		-0.0
5583505		-0.0
5586880		-0.0
5589968		-0.0
5592624		-0.0
5593200		-0.0
5599672		0.301029995664
5616482		-0.0
5618652		-0.0
5631664		-0.0
5636080		0.301029995664
5674723		0.301029995664
5678259		-0.0
5680547		0.301029995664
5694325		0.301029995664
5705442		-0.0
5722642		0.301029995664
5733977		-0.0
5734857		-0.0
5757875		-0.0
5793665		-0.0
5805005		-0.0
5828851		-0.0
5849029		-0.0
